% Set constants
N_CAMERAS = 3;
INTRINSIC_MATRIX_CAMERA_1 = [
                        870.14531487461625, 0, 949.42001822880479;
                        0, 870.14531487461625, 487.20049852775117;
                        0, 0, 1;
                        ];
INTRINSIC_MATRIX_CAMERA_2 = [
                        870.14531487461625, 0, 949.42001822880479;
                        0, 870.14531487461625, 487.20049852775117;
                        0, 0, 1;
                        ];
INTRINSIC_MATRIX_CAMERA_3 = [
                        870.14531487461625, 0, 949.42001822880479;
                        0, 870.14531487461625, 487.20049852775117;
                        0, 0, 1;
                        ];

% Read 2D data from file

% Process 2D to 3D

% Write 3D data to file
