R1 = [
    .96428667991264605, -.26484969138677328, -.0024165916859785336;
    -.089795446022112396, -.31832382771611223, -.94371961862719200;
    .24917459103354755, .91023325674273947, -.33073772313234923;
];
R2 = [
    .94962278945631540, .31338395965783683, -.0026554800661627576;
    .115468564899954271, -.35774736713426591, -.92665194751235791;
    -.29134784753821596, .87966318277945221, -.37591104878304971;
];
R3 = [
    -.99541881789113029, .038473906154401757, -.087527912881817604;
     .091201836523849486, .65687400820094410, -.74846426926387233;
     .028698466908561492, -.75301812454631367, -.65737363964632056;
];

t1 = [
    .13305621037591506;
    -.25319578738559911;
    2.2444637695699150;
]

t2 = [
    -.042633372670025989;
    -.35441906393933242;
    2.2750378317324982;
]

t3 = [
    -.060451734755080713;
    -.39533167111966377;
    2.2979640654841407;
]
